YES
NO
YES
YES
NO
NO
YES
YES
YES
YES
YES
YES
YES
YES
YES
YES
YES
NO
NO
NO
YES
YES
YES
NO
YES
YES
NO
YES
NO
YES
YES
YES
YES
NO
NO
YES
NO
YES
NO
YES
YES
YES
NO
YES
NO
YES
NO
YES
YES
NO
YES
YES
NO
YES
YES
YES
NO
YES
YES
NO
YES
YES
YES
YES
NO
NO
YES
YES
NO
YES
NO
NO
YES
YES
YES
NO
YES
YES
NO
YES
YES
NO
YES
NO
YES
YES
YES
YES
YES
NO
YES
YES
YES
YES
YES
NO
YES
YES
YES
NO
YES
YES
YES
YES
YES
YES
NO
NO
YES
YES
NO
YES
NO
YES
YES
NO
YES
NO
NO
YES
YES
NO
NO
YES
YES
NO
YES
YES
YES
YES
YES
YES
YES
NO
YES
YES
NO
YES
YES
YES
YES
YES
YES
YES
YES
NO
YES
YES
YES
YES
NO
YES
NO
YES
NO
YES
NO
YES
NO
YES
YES
NO
NO
YES
NO
YES
YES
YES
YES
YES
NO
NO
NO
YES
YES
YES
NO
YES
YES
NO
YES
YES
YES
YES
YES
YES
YES
YES
YES
NO
YES
NO
YES
NO
YES
YES
YES
NO
YES
YES
2
2
2
0
0
2
2
0
0
2
2
2
0
0
2
2
2
2
2
2
2
2
2
2
2
2
0
0
0
0
2
0
2
0
0
2
2
0
2
0
2
0
2
2
0
2
0
2
2
2
2
2
2
0
2
2
2
0
2
2
2
2
2
0
0
2
2
2
2
0
0
0
2
2
0
2
2
2
0
2
2
2
2
2
0
2
0
2
2
2
0
2
2
0
2
0
0
0
0
2
2
0
2
2
2
2
2
0
2
0
0
2
2
0
2
2
2
2
0
2
0
2
0
0
2
0
0
2
2
0
2
2
2
2
2
0
2
0
2
2
2
2
2
2
2
0
2
0
0
2
0
0
2
0
0
2
0
0
2
2
2
2
2
2
2
2
2
0
0
2
0
2
0
2
0
0
0
2
2
0
2
2
2
2
2
2
2
0
2
0
2
2
2
2
0
2
2
2
0
0
372
318
264
216
98
132
240
244
252
244
140
364
218
2
202
212
320
390
102
336
228
312
224
354
228
28
206
240
288
352
60
188
368
266
240
168
292
280
210
42
206
258
296
90
162
334
300
170
118
284
224
88
208
320
128
16
376
202
222
320
294
242
222
354
304
6
120
250
252
48
234
396
312
264
292
56
312
228
206
242
384
332
164
386
310
100
162
130
142
282
308
242
246
162
22
22
298
16
310
184
220
46
274
260
328
202
98
246
396
240
118
270
148
386
294
192
172
276
104
220
16
190
68
246
380
278
328
268
146
86
284
74
146
156
38
74
152
16
360
84
38
34
282
324
372
206
10
232
48
232
352
282
152
218
120
358
308
210
368
286
62
56
240
88
224
94
202
388
166
334
222
224
366
294
86
108
350
334
232
16
212
216
78
256
350
18
4
210
338
168
396
236
238
16
224
386
254
280
302
140
188
126
270
250
214
236
90
206
328
134
346
98
44
282
46
100
342
318
372
236
262
320
158
230
246
356
394
280
340
308
200
392
202
260
340
168
322
234
232
146
384
244
108
294
318
234
132
312
260
234
318
54
182
340
126
240
374
362
210
270
214
32
48
112
362
372
246
76
272
20
174
262
24
334
372
54
364
358
262
222
156
120
394
258
306
254
340
218
380
320
240
268
334
266
330
2
204
240
244
224
214
94
356
188
44
378
100
288
24
262
36
214
12
286
290
46
274
348
370
250
224
320
240
366
296
74
202
378
218
242
230
274
110
204
260
242
290
152
314
328
40
272
364
312
204
206
244
260
248
168
22
284
184
156
350
374
42
240
344
242
60
282
248
198
16
312
364
54
140
214
114
154
388
216
240
70
280
50
218
50
282
272
270
60
226
222
74
332
294
8
398
400
320
296
324
10
346
358
226
296
302
230
306
396
196
116
276
334
376
66
254
386
64
228
246
210
268
38
62
304
284
20
270
348
28
346
390
316
214
354
324
336
360
256
86
258
338
110
236
38
146
292
92
272
26
192
400
296
270
32
334
220
232
250
298
364
324
66
316
94
256
220
106
168
48
234
8
306
122
136
358
216
26
352
180
346
246
342
190
72
220
54
78
302
276
184
356
128
376
142
138
346
316
246
238
232
140
154
208
36
224
212
244
366
278
382
216
256
156
286
248
206
320
344
108
62
248
390
308
44
334
392
152
264
234
222
214
208
16
308
144
158
234
160
64
302
290
304
206
146
190
44
138
194
360
148
374
196
322
318
30
58
224
12
236
12
244
320
184
218
86
146
76
238
10
284
290
298
298
228
230
136
282
308
288
186
288
238
14
44
244
324
366
204
304
240
208
262
178
244
274
274
234
86
322
326
240
346
334
202
112
334
84
314
54
348
326
266
342
236
180
220
30
354
40
202
344
218
160
364
278
326
172
254
286
280
342
350
154
274
224
220
202
160
300
28
190
344
220
248
194
52
238
300
350
130
318
64
276
302
296
206
292
328
398
36
74
322
242
140
208
360
224
208
236
82
214
110
220
168
344
290
388
232
274
20
260
254
80
98
222
232
8
270
294
246
372
370
240
370
306
60
238
376
204
354
352
346
306
266
368
248
248
2
336
254
268
232
242
4
142
356
234
66
318
208
356
236
212
46
132
368
386
388
242
90
170
154
234
386
394
338
204
124
208
286
146
292
274
358
226
264
288
272
328
62
242
262
94
332
124
220
294
348
242
382
260
208
288
400
38
272
314
310
296
180
114
164
288
290
266
344
170
266
282
282
302
216
236
302
292
32
268
154
352
162
22
148
318
312
216
230
392
178
20
216
348
26
136
218
242
124
242
284
220
378
38
10
40
328
168
298
264
310
106
296
358
46
138
216
238
356
8
326
104
92
260
236
214
254
38
288
52
252
158
284
340
18
342
248
134
150
194
174
98
328
388
324
342
276
320
256
26
52
254
344
140
78
270
132
242
248
166
218
350
242
368
298
82
308
356
46
42
298
230
270
60
96
272
154
300
202
240
340
312
264
202
138
250
62
104
202
320
212
326
100
200
338
104
252
148
316
252
236
312
212
258
78
326
296
22
310
146
272
310
250
18
330
138
206
18
342
100
52
298
312
312
304
242
174
38
224
122
304
240
226
252
112
58
342
396
108
270
260
70
280
308
124
102
292
100
386
266
368
160
114
342
188
218
252
340
312
236
318
342
268
294
228
380
230
246
268
268
340
78
202
20
320
324
90
310
300
202
234
22
384
132
224
30
130
392
282
80
212
128
184
320
196
158
342
328
92
100
172
8
290
62
148
258
82
174
192
314
106
44
260
292
324
266
12
48
192
152
90
378
258
204
98
72
108
356
262
12
256
380
68
388
274
204
22
290
218
140
204
172
310
262
288
382
82
324
238
234
206
234
320
308
296
32
334
6
108
142
278
270
214
154
68
246
352
372
60
204
172
16
166
140
362
226
212
118
228
208
10
108
214
262
18
76
30
168
322
74
206
98
348
132
294
82
252
304
366
280
42
246
22
84
252
170
40
168
228
274
46
94
132
210
174
20
228
394
232
366
352
208
292
330
374
280
278
322
68
124
278
384
76
184
252
244
230
296
196
56
318
102
354
20
154
274
384
336
278
302
148
340
270
222
384
332
58
348
264
252
250
42
238
82
372
230
164
142
204
90
92
284
82
22
218
230
182
318
264
156
276
70
356
328
336
330
292
154
232
152
280
232
96
234
68
204
62
210
260
82
294
212
154
66
352
238
290
42
172
398
376
338
228
226
78
390
268
220
216
292
218
332
206
292
236
152
284
328
254
234
362
256
160
240
288
116
112
54
380
228
292
54
256
296
196
400
254
80
128
146
54
318
388
184
226
240
206
226
34
284
2
196
210
218
204
62
318
278
178
86
204
294
230
234
288
22
294
236
294
366
384
386
276
4
70
270
252
114
216
344
210
6
226
288
92
252
204
270
56
176
88
216
276
114
56
154
252
344
296
312
210
216
136
228
214
288
242
138
228
368
44
212
356
198
374
240
132
294
324
358
342
224
102
254
276
358
354
254
248
72
320
164
168
254
374
270
72
316
78
326
294
296
206
218
272
254
50
386
192
314
280
280
366
248
202
290
186
322
312
100
150
310
300
350
200
22
228
128
364
198
286
234
102
204
336
344
6
60
112
324
250
36
112
232
264
180
218
162
24
28
386
208
288
228
266
130
166
220
22
278
148
76
210
208
228
372
334
284
116
330
232
66
146
238
296
112
254
374
270
348
262
360
22
212
322
248
312
268
160
320
388
304
228
306
216
312
62
302
362
216
148
214
270
92
234
222
280
348
212
312
390
164
332
284
236
380
296
180
202
208
162
254
400
52
248
44
330
150
308
370
272
392
274
12
168
218
96
224
250
300
360
220
4
216
48
300
318
390
386
386
38
208
292
160
336
142
290
270
338
226
372
222
264
216
350
328
202
286
322
152
364
328
102
226
266
398
114
232
160
248
300
90
112
54
324
400
280
132
320
346
362
358
122
114
42
296
182
26
218
234
126
222
362
334
390
200
292
368
232
226
388
272
372
352
242
388
68
248
388
152
294
372
168
254
248
204
294
394
302
142
324
266
282
316
212
282
270
394
202
76
260
284
234
162
216
364
170
294
192
20
264
28
214
390
248
172
182
152
212
228
204
364
362
320
150
98
8
264
62
388
396
44
220
222
270
294
244
220
316
290
282
244
338
330
192
288
312
316
338
278
64
382
250
306
316
272
300
216
200
84
256
262
62
384
232
298
204
184
32
206
10
168
42
16
330
22
78
122
76
270
260
304
398
68
384
318
302
358
260
6
264
80
138
306
358
260
260
338
310
224
266
250
322
202
208
214
332
320
148
340
166
168
310
324
226
236
322
306
80
296
206
212
72
42
100
180
180
248
312
78
212
286
222
340
136
254
282
316
316
206
316
72
312
128
28
156
272
152
368
242
370
340
122
360
400
94
38
396
48
294
208
54
182
210
242
352
24
222
366
80
98
210
208
264
152
152
292
300
242
318
4
232
248
210
390
282
26
210
34
16
308
10
366
206
226
248
298
4
258
136
314
166
238
206
372
220
396
396
284
398
30
338
168
282
220
262
164
160
228
164
212
218
202
396
278
312
266
252
276
54
316
358
76
38
326
382
276
280
268
208
318
166
258
132
328
52
364
2
248
308
26
364
232
308
376
86
380
304
252
90
400
272
232
386
384
210
66
334
298
394
42
56
108
154
292
96
338
328
96
312
210
14
36
120
204
312
238
216
380
214
340
76
312
2
80
244
298
302
130
238
302
264
70
2
240
362
386
120
330
308
276
52
90
208
62
88
306
34
226
222
72
252
178
62
290
364
246
210
214
340
106
106
112
238
310
270
190
246
300
246
318
164
162
124
6
340
92
64
216
296
76
258
286
326
178
114
300
152
302
162
96
332
280
190
370
188
176
136
254
34
216
254
388
10
266
234
354
224
334
280
258
294
156
62
26
320
252
246
378
218
276
256
290
8
122
234
294
244
342
330
18
238
22
78
382
182
158
98
176
184
58
288
314
234
96
278
102
258
236
244
382
48
238
70
264
222
124
380
178
278
70
392
178
202
260
232
348
326
316
146
160
190
266
64
194
302
286
302
274
130
22
258
382
196
28
190
170
148
306
348
398
304
318
290
392
92
360
138
328
316
254
192
308
2
60
238
4
318
378
76
104
236
8
222
388
262
222
274
150
286
344
212
224
166
122
210
398
302
286
250
288
46
206
300
284
274
224
82
134
232
270
320
396
208
322
112
394
350
190
310
146
234
240
60
334
314
306
64
310
202
286
306
336
250
358
224
320
46
82
198
278
224
108
36
238
254
22
318
90
140
278
362
306
64
360
308
206
144
248
56
126
210
254
362
202
120
262
358
210
32
138
232
96
368
300
310
78
340
276
278
394
220
36
354
82
230
30
34
240
312
332
330
156
262
284
276
282
84
264
36
278
374
286
80
214
74
206
96
340
44
158
126
306
216
6
290
242
62
240
214
312
286
50
336
144
360
344
384
210
266
336
4
90
300
354
360
202
242
130
218
288
30
302
120
260
372
238
60
316
380
36
248
220
74
306
156
56
104
318
236
178
128
280
238
300
304
94
260
250
302
124
376
318
206
350
166
396
284
80
40
252
206
210
78
228
12
244
280
264
246
390
80
2
250
144
126
390
208
88
46
18
196
264
212
116
208
196
108
14
266
206
322
104
328
294
84
222
236
248
306
250
66
144
262
224
208
242
206
186
240
226
86
264
34
104
314
128
288
190
104
346
272
260
380
292
190
374
248
282
144
280
82
296
224
232
220
114
114
24
102
358
168
136
272
4
156
288
384
116
260
398
22
308
236
230
24
308
262
236
340
282
248
326
222
300
384
232
396
248
362
306
296
264
74
352
284
346
144
160
170
260
182
400
278
248
40
106
230
38
212
288
268
356
266
160
290
362
318
234
246
362
236
126
262
96
132
314
216
326
32
306
146
116
228
242
58
116
382
226
342
362
308
382
112
186
260
240
280
324
394
228
224
384
40
334
350
262
316
378
282
370
242
312
38
204
316
334
352
348
248
310
386
366
390
210
286
302
358
398
348
350
310
230
356
236
306
234
242
294
216
230
78
306
230
244
392
250
66
284
244
220
40
226
218
320
272
156
70
172
272
102
364
324
376
244
186
262
284
306
16
224
220
14
316
120
92
178
12
184
312
178
332
300
262
16
140
278
228
74
190
252
240
296
222
238
286
30
92
202
294
250
370
164
284
288
118
122
182
224
88
230
344
396
72
130
16
158
350
66
120
288
356
166
116
312
186
234
268
374
272
226
304
90
400
206
356
392
388
326
272
330
346
126
114
196
18
218
288
234
142
276
390
370
378
314
214
226
342
252
398
310
54
328
258
292
306
272
230
164
302
378
284
214
78
340
176
398
206
138
354
2
364
148
188
266
260
250
228
26
336
44
294
230
258
350
256
364
230
280
112
80
250
272
354
286
298
2
296
326
30
296
102
10
214
202
76
52
268
260
16
6
268
318
364
8
280
368
314
282
392
266
304
264
214
2
274
384
204
132
202
204
274
292
54
166
128
118
4
344
386
278
54
376
224
176
344
42
276
264
368
86
82
300
232
254
302
84
230
120
204
260
96
166
72
276
270
298
390
358
8
296
230
308
126
300
246
318
208
226
384
250
234
256
112
142
374
246
176
88
390
200
208
276
120
302
300
392
336
400
242
140
140
198
342
152
26
332
222
368
276
204
338
338
152
112
216
156
52
258
350
108
320
216
220
386
218
130
224
8
260
144
384
148
180
282
8
276
8
92
298
62
362
358
274
180
120
186
298
156
236
358
210
304
234
268
362
110
132
132
180
280
256
328
316
248
364
124
204
336
276
280
206
154
304
78
216
360
74
254
182
60
178
198
204
260
336
292
124
218
222
8
176
232
288
324
228
354
96
46
214
298
180
172
6
284
366
258
318
202
158
326
120
116
370
136
232
302
348
316
126
294
158
54
102
220
256
256
86
242
384
208
278
308
78
128
362
90
64
394
110
384
142
108
234
368
278
18
368
266
308
362
216
176
388
396
144
334
320
220
176
66
160
256
146
18
96
216
270
22
220
336
240
278
210
68
50
78
324
214
274
322
244
46
56
250
330
208
224
268
334
390
232
276
162
268
262
384
298
100
10
238
336
314
244
358
218
122
382
318
20
350
230
314
248
264
314
40
274
380
60
158
376
182
110
388
76
96
158
326
222
278
258
224
362
396
386
250
172
102
304
208
264
334
400
216
244
146
100
228
32
274
196
264
26
230
346
268
380
244
68
280
380
184
350
354
348
364
278
14
376
148
128
366
210
136
160
180
276
266
176
282
246
260
56
300
202
178
302
158
140
126
236
96
138
98
236
268
236
296
270
320
234
324
234
352
100
300
164
366
294
130
276
362
322
10
274
222
228
360
360
250
232
400
300
340
312
234
212
26
258
342
286
120
52
278
180
20
330
74
36
286
342
400
366
134
394
274
224
282
238
386
162
226
30
60
248
78
38
40
214
100
232
316
202
282
248
66
354
308
154
132
344
210
136
378
294
38
164
212
350
272
246
260
162
344
240
246
74
220
228
236
234
124
230
216
298
132
260
18
8
104
330
238
232
12
218
100
200
388
78
358
204
138
36
284
204
204
130
246
144
204
392
288
380
156
306
212
180
228
198
214
392
264
244
222
220
22
308
124
256
208
370
204
392
298
212
362
218
218
354
56
284
238
274
338
258
318
222
276
210
272
76
76
294
198
326
122
372
232
284
178
100
234
72
362
346
286
272
206
272
378
260
292
82
62
134
254
102
274
288
206
274
334
74
42
92
362
304
232
250
288
104
4
266
286
210
286
336
212
130
90
24
302
252
58
202
238
256
66
212
104
366
114
46
30
242
38
124
212
36
286
312
374
300
256
214
166
212
292
166
8
240
370
182
188
134
356
230
262
146
254
54
376
224
90
254
262
234
116
312
126
314
122
44
120
206
244
10
366
362
400
158
94
312
240
44
282
202
94
254
254
192
216
348
248
80
396
228
224
266
274
380
310
64
256
324
192
290
358
380
202
136
266
202
156
82
100
398
84
180
220
112
314
106
108
142
186
222
272
76
136
274
344
360
212
360
118
282
256
296
198
208
282
146
276
174
64
244
324
212
74
98
280
250
220
234
214
396
334
100
250
78
236
334
268
370
360
286
202
308
346
146
146
240
212
278
342
272
274
50
400
246
204
216
144
240
278
36
366
294
44
330
66
310
362
252
228
338
164
170
378
214
212
166
178
332
174
184
294
150
336
236
382
332
362
160
364
270
390
262
372
110
88
224
216
176
322
218
158
240
222
252
334
332
70
256
258
182
286
134
252
26
78
380
254
236
232
374
38
334
214
24
338
298
258
140
316
294
58
262
332
306
208
360
282
384
166
80
248
250
300
372
342
308
202
316
104
316
284
22
146
376
208
88
278
312
242
330
356
296
234
206
142
20
240
264
356
366
222
64
14
2
238
190
330
134
32
80
334
276
180
138
290
38
314
36
62
212
282
356
116
276
330
58
388
18
214
136
256
62
334
12
172
210
206
84
156
210
66
80
310
216
226
184
38
208
286
290
246
60
362
334
178
324
90
174
118
288
134
148
262
16
382
264
252
166
248
162
314
210
348
290
228
32
368
336
222
156
52
304
314
206
22
216
288
114
248
204
76
106
224
184
18
276
146
302
36
368
272
224
120
18
188
78
318
170
394
228
360
362
246
88
226
254
214
28
66
46
92
332
350
210
288
204
186
232
232
128
306
234
244
202
232
286
358
78
244
80
88
382
230
50
260
72
306
228
264
272
88
362
344
268
240
362
350
238
322
270
372
286
236
328
320
244
318
342
124
386
94
160
364
216
372
270
110
224
2
350
252
260
298
208
104
216
346
250
360
234
134
128
276
292
28
350
258
92
134
14
316
226
382
306
208
294
30
266
74
68
18
6
306
152
216
288
264
132
240
392
392
38
236
108
128
200
146
2
106
226
228
50
204
148
330
296
304
286
384
180
234
238
346
12
396
316
82
354
324
180
318
300
24
374
272
308
102
376
314
286
288
324
288
282
182
100
328
396
262
242
218
206
34
322
334
220
282
246
194
354
222
136
162
128
316
50
36
398
226
18
222
270
362
312
120
96
170
178
252
240
228
62
184
204
376
286
336
244
20
396
178
184
248
288
320
102
350
292
26
240
234
204
124
118
266
86
178
8
360
40
274
306
158
238
54
326
384
136
306
266
216
272
16
262
60
122
392
62
364
90
6
98
202
228
322
202
304
298
82
218
54
88
284
324
236
4
288
66
246
304
214
364
248
306
254
378
324
272
364
232
248
288
218
196
184
154
242
182
60
282
42
270
252
62
232
188
100
218
294
172
242
244
244
212
214
50
212
274
194
288
282
246
350
44
326
320
206
314
118
308
262
232
248
256
202
280
296
136
160
342
270
264
136
210
352
286
140
290
90
162
152
6
330
60
236
186
272
206
238
212
290
310
230
330
114
352
356
230
166
326
234
166
68
374
340
396
376
300
290
206
188
278
234
358
54
294
312
222
48
248
290
216
150
188
254
226
306
42
372
224
230
148
372
86
22
288
186
108
386
128
34
292
396
264
260
86
356
288
256
250
170
248
218
202
210
316
22
362
278
228
326
356
334
84
106
376
260
202
114
72
396
56
322
10
222
32
260
174
52
98
156
164
86
238
4
324
284
340
232
398
400
218
382
282
40
160
264
318
188
6
356
256
284
32
138
232
278
48
304
226
250
10
208
158
208
34
262
356
278
208
98
222
228
340
256
6
280
98
302
234
36
150
274
212
216
136
178
332
84
206
208
332
308
352
384
242
332
124
278
344
214
212
334
350
360
264
258
186
142
278
100
280
354
36
292
292
202
52
312
266
200
368
260
358
82
120
350
338
166
30
136
230
308
198
68
332
256
76
310
322
348
150
14
236
212
202
242
308
246
284
102
358
144
130
8
264
346
206
218
78
280
330
240
138
304
220
172
244
56
22
366
278
62
332
182
288
28
204
256
78
308
288
286
220
110
234
82
368
298
46
290
282
256
144
260
242
248
286
234
178
342
336
152
366
226
218
364
106
214
236
136
218
340
166
86
164
266
290
34
342
266
324
240
366
302
42
288
256
188
266
14
326
282
246
322
196
220
354
100
92
246
310
280
316
122
240
204
46
288
244
196
256
374
312
236
332
82
32
22
236
254
352
382
44
352
126
318
172
270
122
336
290
212
128
390
192
246
202
288
186
96
130
58
66
232
274
284
134
352
398
340
374
324
290
282
266
192
242
354
310
152
268
384
260
296
352
320
334
254
104
320
258
266
310
232
326
70
246
222
278
302
316
306
286
258
246
208
358
54
332
118
292
294
28
234
130
272
310
180
396
262
360
306
148
224
46
326
280
56
74
254
102
134
202
270
248
354
222
370
296
252
56
272
122
94
192
10
208
196
370
382
328
354
66
74
126
246
318
204
392
202
240
302
138
14
310
162
172
8
282
74
250
294
8
324
390
54
222
330
178
242
292
230
102
222
230
72
312
246
82
230
302
2
232
290
388
300
234
162
314
202
112
156
256
36
236
126
282
212
22
218
60
92
110
232
366
156
246
76
300
84
358
208
238
358
156
244
380
74
24
248
24
360
314
270
266
92
268
260
358
208
230
34
118
280
216
218
262
204
300
66
100
376
152
288
276
312
210
364
290
292
400
18
354
204
332
374
236
232
242
4
184
52
220
214
206
40
240
300
232
56
372
382
218
182
326
338
238
18
332
136
290
60
388
92
390
10
288
318
354
342
368
106
142
382
362
214
206
180
92
208
102
368
258
298
286
112
34
324
148
134
296
202
274
238
256
272
318
310
396
178
238
170
270
180
296
320
238
230
288
92
78
212
226
240
210
318
266
112
280
248
276
256
196
62
34
6
220
278
266
356
216
262
196
2
212
328
158
288
184
372
384
100
206
278
124
298
396
320
132
118
170
224
218
308
60
318
134
158
72
336
250
232
302
264
90
214
210
162
282
236
32
352
250
214
156
74
338
84
92
346
294
58
34
240
354
210
146
340
382
78
280
38
66
208
36
184
260
206
152
344
44
240
108
84
120
82
250
10
384
142
6
30
336
68
260
336
84
34
72
384
196
236
372
162
120
246
232
282
210
184
198
228
220
16
156
262
296
74
66
234
282
210
250
224
148
194
210
256
48
292
246
50
274
218
282
76
398
228
242
164
356
118
296
68
256
340
254
116
318
170
280
364
90
262
134
202
284
228
380
316
44
206
188
268
170
230
322
74
240
222
268
244
390
224
236
276
82
316
226
130
348
360
320
86
52
320
366
202
76
158
6
226
266
316
150
264
112
256
340
288
166
290
44
238
260
258
264
300
222
84
282
380
248
140
230
302
278
398
300
204
364
126
348
206
208
148
210
274
258
30
396
240
324
296
310
118
138
238
258
272
234
244
210
102
198
360
148
174
264
32
120
98
346
296
66
62
164
206
220
44
166
94
382
344
220
186
256
266
10
386
386
276
14
110
294
36
230
298
294
184
110
306
90
226
108
156
242
352
110
82
114
316
230
272
150
320
384
52
100
158
192
264
92
6
340
336
176
232
340
334
208
210
266
24
346
294
196
356
344
104
214
56
314
384
376
326
84
124
64
284
214
282
280
192
98
60
298
184
236
100
336
130
344
336
144
220
28
288
372
234
308
154
12
370
92
342
380
364
312
204
124
262
122
264
238
140
266
44
152
316
394
288
74
232
226
204
250
164
272
298
58
92
154
274
332
166
8
354
252
220
226
252
318
150
314
66
118
144
254
188
202
210
286
272
322
248
180
234
236
382
28
60
344
38
254
310
230
326
342
332
180
172
274
234
372
364
78
248
300
210
392
88
254
228
346
128
56
192
312
294
62
224
92
206
350
360
170
72
252
364
288
104
246
16
234
374
138
258
284
86
348
50
282
210
138
212
140
288
366
274
382
236
204
360
260
298
96
64
282
102
224
268
274
228
374
278
192
276
366
152
226
204
236
206
304
98
212
236
6
290
328
198
174
294
102
8
14
138
100
400
218
264
374
274
88
6
80
216
346
306
340
278
188
94
2
298
122
240
288
256
322
378
350
146
126
288
28
234
62
278
124
218
174
120
70
22
300
104
242
272
268
298
278
246
286
232
344
336
88
156
294
256
252
128
294
34
332
162
350
222
200
154
42
316
228
254
312
376
284
192
168
280
348
126
192
380
400
306
198
224
256
368
160
46
242
328
106
228
332
138
54
156
184
308
208
330
216
254
236
232
288
142
34
374
390
332
116
236
378
40
62
146
252
318
342
104
154
212
256
36
292
204
214
236
224
186
320
296
294
76
262
350
342
242
280
146
206
224
328
352
102
22
200
186
202
148
112
6
376
290
264
14
218
226
34
360
268
120
344
388
96
268
226
358
204
30
226
264
222
324
184
246
240
254
320
208
228
198
6
220
78
232
332
278
240
236
78
202
258
208
320
186
308
88
68
240
266
364
306
326
76
222
270
244
364
268
290
100
210
266
326
88
116
368
230
98
18
242
244
168
168
302
354
352
38
240
374
108
158
10
162
214
236
64
382
194
202
390
396
86
324
202
324
212
348
200
290
134
262
248
202
286
84
244
210
14
120
306
228
362
314
226
210
276
324
350
368
118
246
222
118
54
126
82
52
218
342
230
368
68
288
274
286
146
86
280
314
60
138
316
246
62
96
376
94
234
294
104
228
386
220
216
66
58
230
256
200
14
248
240
224
228
268
92
44
374
366
298
32
210
358
314
396
330
316
20
238
270
394
248
302
394
178
58
280
312
298
326
236
134
14
258
202
242
312
326
264
284
258
234
238
262
262
202
168
270
174
228
270
328
310
142
386
274
172
208
240
316
324
216
344
290
208
220
130
244
130
298
358
310
126
128
64
6
246
154
346
214
262
324
68
154
326
130
194
216
52
72
370
138
28
106
270
244
18
260
304
318
46
250
206
320
240
14
238
82
382
316
240
94
364
298
242
332
326
310
234
294
196
232
294
114
322
278
312
272
272
302
218
316
252
160
170
194
306
318
232
322
344
292
290
206
208
220
276
368
114
232
214
392
4
172
274
354
218
230
366
300
56
300
316
214
200
178
334
346
238
398
134
310
58
152
252
274
298
208
264
216
238
258
192
222
294
248
222
302
384
52
42
264
132
294
296
136
384
224
312
110
216
254
208
208
106
182
400
278
236
314
134
154
200
24
300
102
204
356
182
208
176
338
126
122
386
218
202
314
180
76
230
328
242
242
234
334
4
142
302
280
78
268
322
212
314
172
262
116
90
32
348
106
324
232
316
244
258
244
298
266
132
142
300
366
140
254
394
296
230
280
222
240
52
76
368
226
266
338
252
330
148
68
390
346
344
290
142
322
96
282
58
308
204
284
168
250
364
224
264
270
210
334
284
298
138
220
336
330
208
76
234
260
200
196
266
72
320
260
270
320
378
310
80
350
314
168
80
170
350
14
302
308
52
376
226
370
298
220
104
124
360
264
238
296
242
58
124
72
134
384
2
146
248
124
26
220
274
30
30
278
312
278
240
326
192
220
390
294
312
56
246
218
250
278
220
216
266
232
304
220
252
288
362
290
174
202
322
46
164
244
118
264
288
126
288
314
88
216
170
230
186
288
376
226
18
236
328
74
90
50
312
72
246
300
382
172
226
278
282
290
32
76
262
278
234
172
384
206
350
16
134
392
220
336
254
230
124
212
210
6
256
20
230
122
226
204
246
230
54
374
306
348
318
246
42
152
314
170
138
376
204
332
58
100
382
240
338
234
114
244
306
60
300
358
208
256
60
308
350
368
376
350
230
212
40
320
258
302
32
60
296
254
14
362
312
14
66
32
118
302
340
258
222
252
282
206
268
230
230
134
318
318
36
158
206
226
320
182
242
240
288
214
266
134
366
280
366
284
324
56
148
280
230
66
162
366
42
314
264
270
214
264
236
276
220
16
220
264
332
238
274
274
396
50
262
378
346
312
254
46
162
64
102
254
298
298
370
316
366
64
248
360
252
36
26
228
362
44
44
362
96
126
370
264
78
254
42
170
222
148
244
296
52
172
354
294
56
74
302
250
16
224
270
226
40
38
300
128
394
210
222
290
334
306
320
272
222
14
68
348
214
320
338
84
226
348
226
366
12
290
300
396
254
280
198
322
366
268
244
388
318
54
328
144
312
358
248
366
114
216
186
204
292
270
352
358
338
124
280
142
282
92
310
368
190
378
140
294
210
114
198
124
210
234
80
182
272
124
332
258
166
178
260
236
14
368
234
148
294
228
40
96
228
218
80
140
316
332
224
208
124
208
212
324
230
342
214
354
236
228
376
160
308
222
38
156
356
178
132
50
280
24
322
244
210
262
396
320
300
56
114
154
326
242
264
218
252
72
382
400
78
208
52
224
354
284
212
366
384
292
340
246
398
302
336
152
56
202
40
272
208
118
306
124
164
256
304
212
146
216
364
240
382
248
272
234
284
190
230
278
284
226
298
392
322
258
216
250
108
228
46
388
190
212
232
258
68
344
298
298
232
58
224
132
210
254
376
182
332
258
262
184
90
352
54
96
190
250
80
372
348
338
238
356
208
276
272
208
252
348
14
46
118
332
258
206
324
92
272
234
298
280
212
202
254
164
238
154
288
308
382
302
54
108
302
204
214
222
232
42
310
330
280
386
206
266
356
260
180
210
236
362
396
270
204
260
42
282
156
368
294
266
108
314
218
324
214
386
268
348
280
326
248
302
156
328
174
230
30
160
332
32
322
226
220
314
248
350
234
280
226
284
218
288
332
52
358
204
88
112
208
268
360
86
228
344
214
300
278
90
88
274
282
300
348
336
34
324
238
118
234
348
262
308
138
102
280
284
112
290
388
356
204
390
102
64
164
350
362
356
56
32
228
316
248
90
224
110
168
314
340
260
340
312
342
180
62
312
276
28
134
400
214
374
266
306
354
88
320
378
224
72
90
56
216
146
388
228
284
352
172
212
154
138
286
324
190
300
228
256
302
376
260
216
298
10
56
302
264
286
324
288
30
232
100
362
344
140
258
100
320
300
326
366
216
358
268
368
24
314
328
86
316
278
298
104
232
368
194
246
56
164
112
26
318
348
250
232
266
14
286
28
60
296
202
126
294
290
372
184
258
190
216
160
344
392
82
222
240
336
224
204
346
326
48
270
120
302
378
358
164
258
258
230
212
296
206
310
48
296
216
326
282
182
270
274
398
306
6
90
344
202
204
374
236
228
208
364
64
232
260
372
182
90
18
236
284
270
230
368
122
212
226
10
308
4
336
364
280
232
330
358
284
104
86
278
110
150
344
302
248
210
156
324
214
380
392
300
132
68
226
86
260
70
286
220
342
192
200
266
348
258
172
80
292
318
244
40
206
332
216
42
270
42
294
90
158
298
378
282
282
204
248
386
110
240
328
164
82
288
54
380
342
64
246
66
308
168
98
226
204
170
282
248
384
136
222
110
244
262
110
398
178
200
20
192
370
370
346
252
172
244
46
228
210
120
224
8
88
214
224
224
86
284
8
310
224
178
350
398
204
144
372
222
346
130
326
284
190
184
374
336
268
258
214
254
260
372
290
394
340
320
302
174
28
286
346
214
256
284
362
286
284
268
24
202
342
132
4
154
212
196
210
390
158
202
96
132
204
152
330
262
226
6
68
272
324
12
182
78
122
26
258
292
240
322
216
132
136
282
24
208
366
336
2
264
268
256
248
210
252
310
234
112
220
68
114
254
270
18
130
210
352
222
70
20
294
4
42
212
342
104
228
194
252
324
206
120
46
220
230
312
226
114
248
316
228
206
206
220
316
258
90
372
340
272
254
344
238
342
332
232
254
260
210
18
254
228
390
126
194
156
178
236
62
326
198
138
62
392
244
286
202
252
266
322
262
290
340
232
280
328
340
6
184
262
242
348
298
48
64
326
374
108
272
58
382
334
150
310
388
232
248
86
258
268
260
296
366
276
300
336
170
42
384
206
400
70
266
242
142
10
320
174
186
308
248
104
10
196
370
192
204
276
218
268
230
280
104
194
176
92
118
10
300
230
208
262
254
306
150
324
192
210
52
246
388
326
78
86
268
234
214
202
212
158
74
310
142
202
202
148
2
262
342
228
268
296
370
88
342
96
276
172
334
56
74
336
68
108
218
84
312
138
160
146
216
350
338
22
316
318
86
152
128
36
126
294
118
246
288
30
290
254
314
350
48
306
276
236
390
302
66
4
120
370
216
192
130
36
268
288
274
182
314
104
172
214
354
48
128
276
206
302
24
340
220
218
350
256
250
138
250
384
210
140
280
286
270
272
148
372
64
380
310
122
206
232
350
158
232
190
212
156
266
32
176
114
264
94
266
300
226
204
158
86
68
184
132
242
362
260
210
348
226
336
58
340
78
332
292
56
286
226
174
230
308
398
266
98
210
218
312
344
312
232
294
362
280
126
340
274
106
206
364
68
232
384
96
64
322
230
246
222
94
108
54
290
230
274
276
104
194
230
242
294
130
358
128
332
232
164
322
202
230
234
292
14
236
254
260
296
360
322
234
20
284
208
252
398
288
326
210
372
352
132
394
256
306
216
224
290
216
266
344
176
224
232
112
270
314
380
328
230
292
122
22
246
14
334
222
216
372
328
344
262
230
270
212
218
244
384
378
104
266
348
12
260
296
222
208
332
128
144
342
280
30
328
362
236
60
20
386
300
232
270
320
370
400
256
244
182
280
370
364
152
180
132
336
76
46
114
32
192
346
212
12
364
238
304
382
46
400
254
100
266
124
228
58
334
294
316
276
380
386
360
252
296
376
70
98
206
318
214
282
278
226
112
264
300
128
144
232
326
306
116
280
256
98
272
320
226
252
174
380
48
90
42
280
194
360
304
186
40
330
138
158
226
214
360
112
230
20
302
54
192
342
4
264
234
124
258
138
206
254
248
206
24
228
214
188
292
292
12
62
24
40
316
328
68
332
258
78
394
328
212
50
390
12
332
38
118
356
374
210
208
10
278
170
306
292
348
272
174
48
158
122
32
158
96
254
274
296
70
218
198
210
382
218
224
270
252
104
144
42
232
320
342
332
198
6
234
182
378
124
194
300
220
298
338
28
100
258
304
58
80
38
254
8
258
286
368
356
44
244
276
10
86
374
92
250
218
256
264
10
152
250
290
256
242
62
250
44
222
296
88
206
36
42
226
368
322
286
218
14
180
272
4
394
216
244
46
22
220
220
244
242
208
252
350
212
350
340
258
230
210
224
358
228
140
110
212
318
230
288
364
298
370
170
398
96
384
160
116
86
400
112
398
252
180
290
172
224
300
394
226
144
2
288
238
226
206
284
96
236
364
240
184
352
308
256
312
78
228
58
378
134
144
86
58
204
302
308
90
290
360
254
16
212
316
380
376
340
282
208
210
348
130
192
268
262
264
302
270
206
364
268
80
334
240
270
116
28
198
254
96
122
164
258
94
352
258
210
202
360
376
376
208
78
320
218
326
294
298
326
18
210
230
46
228
48
334
400
90
268
344
32
84
338
46
150
134
196
70
330
70
254
206
252
8
226
268
36
154
208
52
128
212
338
394
316
266
228
296
226
346
14
208
322
14
334
186
146
202
130
396
334
206
198
252
218
160
258
356
192
108
40
380
58
86
2
350
178
288
106
112
234
222
8
88
380
320
322
278
220
268
162
360
332
124
272
42
60
392
284
346
34
362
378
374
392
378
208
50
202
222
22
34
42
212
92
194
344
12
98
12
380
80
80
46
350
140
128
208
214
244
370
182
282
46
256
320
284
304
226
10
330
208
276
254
288
304
212
350
78
152
228
178
198
230
218
328
112
208
262
202
228
152
178
346
202
154
98
358
202
320
218
32
198
250
264
262
288
302
216
130
298
240
232
348
298
144
286
266
298
216
386
18
338
290
212
72
386
66
382
318
298
246
330
170
220
288
276
186
12
358
116
298
246
288
220
192
236
304
202
82
280
350
202
344
264
214
280
322
264
202
382
296
284
206
280
302
218
256
248
336
118
98
232
364
70
98
22
186
92
68
350
308
74
322
234
222
262
44
296
216
358
112
238
378
42
266
378
322
236
218
74
150
248
238
366
262
210
242
18
104
104
164
366
280
44
20
320
310
154
32
202
76
224
348
228
62
256
226
126
280
350
214
8
230
368
308
178
144
342
112
202
256
312
356
46
216
204
172
256
374
216
224
296
240
242
186
280
368
338
270
270
258
262
284
254
236
262
124
188
384
310
368
58
354
326
44
36
72
214
326
196
322
326
16
106
290
218
242
266
110
208
56
254
322
96
306
220
208
28
354
20
210
274
284
16
366
276
26
342
302
160
250
276
210
218
160
208
182
252
262
144
206
250
188
288
152
344
374
28
286
130
116
230
238
182
10
88
372
182
162
208
120
324
94
8
340
286
134
334
236
296
232
90
234
388
26
326
240
10
278
292
204
30
4
308
292
266
282
240
94
78
286
314
300
328
264
218
266
284
262
278
88
76
78
396
244
264
346
314
182
204
80
236
280
258
342
332
208
392
226
212
324
218
348
112
328
270
202
370
170
244
208
50
146
288
266
304
202
174
260
206
234
38
138
176
50
220
288
152
270
206
98
220
224
202
96
284
348
230
288
128
286
230
268
344
230
36
30
122
224
300
6
346
254
132
106
274
386
330
176
34
214
318
28
248
40
396
334
274
258
238
50
62
368
12
226
50
226
372
36
264
298
344
232
162
364
358
160
396
66
140
214
296
112
180
306
344
100
236
328
310
254
246
116
246
126
296
40
186
306
376
214
168
330
68
230
92
108
280
350
256
286
182
314
216
320
224
316
320
342
378
204
286
220
162
144
370
232
308
226
286
154
338
230
32
122
166
132
290
266
40
164
322
16
14
294
226
386
146
272
158
312
296
240
314
306
86
20
318
324
236
254
262
270
340
242
288
180
238
68
316
304
290
220
184
320
18
400
220
206
104
340
232
204
70
120
172
62
224
272
238
170
220
210
204
110
90
122
76
370
254
50
200
350
274
276
80
240
90
148
124
370
166
368
368
386
198
66
286
200
210
150
120
300
202
338
206
60
126
376
202
238
188
210
66
140
264
396
62
368
48
322
262
212
218
222
282
364
348
178
150
216
240
350
158
224
316
318
268
320
372
46
380
336
392
242
68
120
242
344
182
158
186
218
326
394
358
114
100
278
286
256
248
328
366
10
264
354
238
220
354
102
342
236
240
258
348
26
324
140
62
178
344
292
198
262
396
338
200
296
18
294
234
250
356
176
382
360
80
360
230
360
364
208
246
202
184
366
296
148
388
370
168
240
370
16
300
258
382
112
314
330
260
208
202
222
18
168
122
290
346
274
96
278
228
244
138
28
82
242
336
168
210
270
386
306
268
238
18
294
294
170
310
212
286
258
76
214
94
72
298
84
52
242
258
272
224
220
258
368
380
340
132
226
366
278
52
300
112
268
222
270
322
324
286
366
204
338
70
274
206
128
300
10
30
332
366
192
318
370
210
288
288
276
140
168
368
222
70
240
72
72
232
290
144
234
244
182
372
332
274
218
226
174
12
150
320
132
232
174
28
342
362
4
56
310
310
44
228
312
216
296
186
66
380
108
334
64
354
320
336
168
240
202
122
272
80
86
306
108
208
328
216
292
276
386
320
52
354
360
330
242
102
316
372
264
72
68
326
50
188
298
176
252
230
256
294
34
14
36
352
340
384
262
346
78
248
270
178
204
244
214
256
372
320
84
312
354
374
14
364
34
136
68
322
212
136
390
154
384
278
206
294
252
182
212
254
120
380
258
258
148
376
224
244
94
84
128
272
252
116
340
260
322
58
152
204
234
178
54
276
214
218
94
238
328
300
248
252
92
272
24
252
180
208
238
222
286
54
232
236
378
320
250
202
260
264
226
58
376
20
240
54
118
264
204
358
204
14
214
300
330
252
302
250
114
256
352
232
166
260
114
230
54
226
360
318
50
388
352
160
374
64
394
334
370
126
152
234
178
276
176
366
60
184
244
254
146
58
218
400
258
212
312
162
188
98
14
294
256
228
202
350
272
344
338
350
212
218
82
358
300
242
192
310
224
4
6
386
354
334
358
262
156
356
80
218
130
120
290
362
216
296
316
142
192
8
188
322
238
374
234
148
136
266
222
80
302
294
246
318
392
236
8
54
246
368
108
212
210
270
318
312
334
342
354
116
238
206
278
232
256
398
264
302
170
132
396
28
260
14
38
350
304
356
354
96
324
280
206
178
260
10
140
282
94
266
322
10
8
206
138
278
214
208
288
132
210
256
252
288
118
302
252
22
104
244
206
128
204
348
126
382
244
382
376
234
254
86
2
20
146
214
228
246
252
246
390
264
376
316
278
208
292
242
78
302
392
224
250
126
380
236
214
294
32
290
288
216
236
388
212
372
366
210
230
28
26
218
358
312
226
308
244
300
266
2
384
232
166
40
166
98
316
236
338
268
310
232
158
262
226
72
336
264
386
164
310
232
294
68
180
358
62
56
156
302
68
238
46
158
192
366
274
212
72
312
232
52
320
218
196
190
170
308
292
6
360
256
192
20
330
254
260
356
250
278
308
242
230
214
32
330
362
250
294
262
200
294
336
30
352
356
282
68
396
292
256
274
228
214
216
230
248
104
256
182
154
238
336
304
170
284
272
224
230
288
194
240
276
222
310
302
218
288
36
218
46
280
234
374
354
220
280
352
88
304
310
26
260
102
40
214
302
338
262
92
134
230
154
128
242
142
222
172
278
176
306
270
210
34
54
258
80
242
252
246
230
120
134
86
36
348
204
382
218
216
206
292
194
218
122
374
236
130
364
300
124
368
158
64
80
72
88
66
248
58
34
252
220
256
234
364
282
262
298
214
310
372
90
338
258
232
202
202
88
378
248
110
312
144
70
70
262
266
264
212
6
398
112
158
180
308
96
278
206
244
208
174
246
82
168
202
236
28
222
258
298
288
222
378
164
330
382
222
120
96
238
214
364
374
202
286
246
222
390
74
228
350
242
248
238
340
36
106
126
300
314
272
258
354
50
288
216
364
216
310
64
278
274
136
176
90
172
40
222
292
312
266
372
264
216
46
148
78
310
392
80
206
224
244
212
186
282
98
190
302
238
122
52
226
268
226
394
218
302
214
162
270
94
278
298
400
214
236
200
332
232
234
338
302
128
350
370
384
40
20
292
266
3
YES
402
